1000
100
5 3 4
2 3 4
2 6 3
2 3 8
5 3 4
2 3 4
2 6 3
2 3 8
9 7 4
5 3 4
2 3 4
2 6 3
2 3 8
9 7 4
8 7 4
4 11 9
7 5 90
5 3 4
2 3 4
2 6 3
2 3 8
9 7 4
8 7 4
4 11 9
7 5 90
6 7 9
23 4 1
6 7 9
23 4 1
8 7 4
4 11 9
5 3 4
2 3 4
2 6 3
5 3 4
2 3 4
2 6 3
2 3 8
5 3 4
2 3 4
2 6 3
2 3 8
9 7 4
5 3 4
2 3 4
2 6 3
2 3 8
9 7 4
8 7 4
4 11 9
7 5 90
5 3 4
2 3 4
2 6 3
2 3 8
9 7 4
8 7 4
4 11 9
7 5 90
6 7 9
23 4 1
6 7 9
23 4 1
8 7 4
4 11 9
5 3 4
2 3 4
2 6 3
2 3 8
9 7 4
8 7 4
4 11 9
7 5 90
6 7 9
23 4 1
7 5 90
6 7 9
23 4 1
9 7 4
8 7 4
4 11 9
7 5 90
6 7 9
23 4 1
2 3 8
9 7 4
8 7 4
4 11 9
7 5 90
6 7 9
23 4 1
7 5 90
6 7 9
23 4 1
9 7 4
8 7 4
4 11 9
7 5 90
6 7 9
23 4 1