900
90
5 3 4
2 3 4
2 6 3
2 3 8
9 7 4
8 7 4
4 11 9
7 5 90
5 3 4
2 3 4
2 6 3
2 3 8
9 5 3 
2 3 4
2 6 3
2 3 8
9 7 4
5 3 4
2 3 4
2 6 3
2 3 8
9 7 4
7 4 5
5 3 4
2 3 4
5 3 4
2 3 4
2 6 3
2 3 8
9 5 3 
2 3 4
2 6 3
2 3 8
9 7 4
5 3 4
2 3 4
2 6 3
2 3 8
9 7 4
7 4 5
5 3 4
2 3 4
2 6 3
2 3 8
9 7 4
8 7 4
4 11 9
7 5 90
6 7 9
23 4 1
5 99 4
2 3 4
2 6 3
2 3 8
9 7 55
8 7 4
4 11 99
7 5 90
6 7 9
23 4 1
8 7 4
4 11 9
7 5 90
6 7 9
23 4 1
2 6 3
2 3 8
9 7 4
8 7 4
4 11 9
7 5 90
6 7 9
23 4 1
5 99 4
2 3 4
2 6 3
2 3 8
9 7 55
8 7 4
4 11 99
7 5 90
6 7 9
23 4 1
8 7 4
4 11 9
7 5 90
6 7 9
23 4 1
6 7 9
23 4 1